found solution 0 0 in 135 steps
||0||33||44||17||46||31||12||15||
||43||18||61||32||13||16||47||30||
||34||1||52||45||60||63||14||11||
||19||42||59||62||51||54||29||48||
||2||35||56||53||58||49||10||25||
||41||20||39||50||55||26||7||28||
||36||3||22||57||38||5||24||9||
||21||40||37||4||23||8||27||6||

found solution 0 1 in 119 steps
||31||0||17||56||33||46||15||12||
||18||59||32||47||16||13||34||45||
||1||30||55||60||57||48||11||14||
||54||19||58||49||52||61||44||35||
||29||2||53||62||43||50||25||10||
||20||5||42||51||26||63||36||39||
||3||28||7||22||41||38||9||24||
||6||21||4||27||8||23||40||37||

found solution 0 2 in 430 steps
||44||31||0||15||46||29||10||13||
||1||16||45||30||11||14||47||28||
||32||43||54||59||52||63||12||9||
||17||2||51||62||55||58||27||48||
||42||33||56||53||60||49||8||23||
||3||18||61||50||57||24||37||26||
||34||41||20||5||36||39||22||7||
||19||4||35||40||21||6||25||38||

found solution 0 3 in 1849 steps
||29||32||15||0||55||34||13||10||
||16||1||30||33||14||11||56||35||
||31||28||61||58||49||54||9||12||
||2||17||50||53||60||57||36||47||
||27||42||59||62||51||48||23||8||
||18||3||52||43||24||63||46||37||
||41||26||5||20||39||44||7||22||
||4||19||40||25||6||21||38||45||

found solution 0 4 in 1849 steps
||10||13||34||55||0||15||32||29||
||35||56||11||14||33||30||1||16||
||12||9||54||49||58||61||28||31||
||47||36||57||60||53||50||17||2||
||8||23||48||51||62||59||42||27||
||37||46||63||24||43||52||3||18||
||22||7||44||39||20||5||26||41||
||45||38||21||6||25||40||19||4||

found solution 0 5 in 230 steps
||13||10||29||46||15||0||31||44||
||28||47||14||11||30||45||16||1||
||9||12||63||52||59||54||43||32||
||48||27||58||55||62||51||2||17||
||23||8||49||60||53||56||33||42||
||26||37||24||57||50||61||18||3||
||7||22||39||36||5||20||41||34||
||38||25||6||21||40||35||4||19||

found solution 0 6 in 113 steps
||12||15||46||33||54||17||0||31||
||45||34||13||16||47||32||53||18||
||14||11||48||55||62||59||30||1||
||35||44||63||58||49||52||19||60||
||10||25||50||43||56||61||2||29||
||39||36||57||26||51||42||5||20||
||24||9||38||41||22||7||28||3||
||37||40||23||8||27||4||21||6||

found solution 0 7 in 133 steps
||15||12||31||46||17||44||33||0||
||30||47||16||13||32||53||18||43||
||11||14||55||52||45||62||1||34||
||48||29||60||63||54||51||42||19||
||25||10||49||56||61||58||35||2||
||28||7||26||59||50||39||20||41||
||9||24||5||38||57||22||3||36||
||6||27||8||23||4||37||40||21||

found solution 1 0 in 263 steps
||3||6||1||32||49||8||27||30||
||0||33||4||7||28||31||48||9||
||5||2||63||50||55||58||29||26||
||34||45||54||59||62||47||10||57||
||53||16||61||46||51||56||25||40||
||44||35||52||17||60||41||22||11||
||15||18||37||42||13||20||39||24||
||36||43||14||19||38||23||12||21||

found solution 1 1 in 159 steps
||18||15||34||1||20||47||36||3||
||33||0||19||16||35||2||21||46||
||14||17||56||63||48||51||4||37||
||55||32||49||52||57||62||45||22||
||28||13||54||61||50||59||38||5||
||31||10||29||58||53||42||23||44||
||12||27||8||41||60||25||6||39||
||9||30||11||26||7||40||43||24||

found solution 1 2 in 179 steps
||1||34||45||18||47||32||13||16||
||44||19||0||33||14||17||48||31||
||35||2||63||46||53||58||15||12||
||20||43||52||57||62||55||30||49||
||3||36||61||54||59||50||11||26||
||42||21||40||51||56||27||8||29||
||37||4||23||60||39||6||25||10||
||22||41||38||5||24||9||28||7||

found solution 1 3 in 294 steps
||32||1||18||49||34||47||16||13||
||19||58||33||0||17||14||35||46||
||2||31||50||57||48||63||12||15||
||51||20||59||62||53||56||45||36||
||30||3||52||55||44||61||26||11||
||21||6||43||60||27||54||37||40||
||4||29||8||23||42||39||10||25||
||7||22||5||28||9||24||41||38||

found solution 1 4 in 304 steps
||13||16||47||34||49||18||1||32||
||46||35||14||17||0||33||58||19||
||15||12||63||48||57||50||31||2||
||36||45||56||53||62||59||20||51||
||11||26||61||44||55||52||3||30||
||40||37||54||27||60||43||6||21||
||25||10||39||42||23||8||29||4||
||38||41||24||9||28||5||22||7||

found solution 1 5 in 107 steps
||16||13||32||47||18||45||34||1||
||31||48||17||14||33||0||19||44||
||12||15||58||53||46||63||2||35||
||49||30||55||62||57||52||43||20||
||26||11||50||59||54||61||36||3||
||29||8||27||56||51||40||21||42||
||10||25||6||39||60||23||4||37||
||7||28||9||24||5||38||41||22||

found solution 1 6 in 70 steps
||3||36||47||20||1||34||15||18||
||46||21||2||35||16||19||0||33||
||37||4||63||48||51||58||17||14||
||22||45||52||57||62||49||32||59||
||5||38||55||50||53||60||13||28||
||44||23||42||61||56||29||10||31||
||39||6||25||54||41||8||27||12||
||24||43||40||7||26||11||30||9||

found solution 1 7 in 143 steps
||30||27||8||49||32||1||6||3||
||9||48||31||28||7||4||33||0||
||26||29||58||55||50||63||2||5||
||57||10||47||62||59||54||45||34||
||40||25||56||51||46||61||16||53||
||11||22||41||60||17||52||35||44||
||24||39||20||13||42||37||18||15||
||21||12||23||38||19||14||43||36||

found solution 2 0 in 1515 steps
||4||1||30||43||6||63||28||25||
||31||42||5||2||29||26||7||62||
||0||3||58||53||44||61||24||27||
||41||32||51||60||57||54||45||8||
||14||59||40||55||52||49||38||23||
||33||18||15||50||39||56||9||46||
||16||13||20||35||48||11||22||37||
||19||34||17||12||21||36||47||10||

found solution 2 1 in 64 steps
||1||4||45||30||47||6||25||28||
||44||31||2||5||26||29||48||7||
||3||0||63||46||57||52||27||24||
||32||43||56||51||62||59||8||49||
||55||14||61||58||53||50||23||38||
||42||33||54||15||60||39||20||9||
||13||16||35||40||11||18||37||22||
||34||41||12||17||36||21||10||19||

found solution 2 2 in 124 steps
||32||1||18||61||34||47||16||13||
||19||60||33||48||17||14||35||46||
||2||31||0||57||62||49||12||15||
||59||20||63||50||53||56||45||36||
||30||3||58||55||44||51||26||11||
||21||6||43||52||27||54||37||40||
||4||29||8||23||42||39||10||25||
||7||22||5||28||9||24||41||38||

found solution 2 3 in 31987 steps
||11||14||35||50||1||16||33||30||
||36||51||12||15||34||31||2||17||
||13||10||59||0||49||44||29||32||
||58||37||52||47||60||63||18||3||
||9||24||57||62||45||48||43||28||
||38||53||46||25||56||61||4||19||
||23||8||55||40||21||6||27||42||
||54||39||22||7||26||41||20||5||

found solution 2 4 in 1512 steps
||32||29||10||57||34||3||8||5||
||11||56||33||30||9||6||35||2||
||28||31||58||63||0||49||4||7||
||55||12||51||48||53||62||1||36||
||42||27||54||59||50||47||18||61||
||13||24||43||52||19||60||37||46||
||26||41||22||15||44||39||20||17||
||23||14||25||40||21||16||45||38||

found solution 2 5 in 113 steps
||13||16||47||34||55||18||1||32||
||46||35||14||17||48||33||56||19||
||15||12||49||54||63||0||31||2||
||36||45||62||59||50||53||20||57||
||11||26||51||44||61||58||3||30||
||40||37||60||27||52||43||6||21||
||25||10||39||42||23||8||29||4||
||38||41||24||9||28||5||22||7||

found solution 2 6 in 64 steps
||28||25||6||47||30||45||4||1||
||7||48||29||26||5||2||31||44||
||24||27||52||57||46||63||0||3||
||49||8||59||62||51||56||43||32||
||38||23||50||53||58||61||14||55||
||9||20||39||60||15||54||33||42||
||22||37||18||11||40||35||16||13||
||19||10||21||36||17||12||41||34||

found solution 2 7 in 749 steps
||25||28||51||6||43||30||1||4||
||50||7||26||29||2||5||42||31||
||27||24||49||52||55||44||3||0||
||8||61||56||63||48||53||32||41||
||23||38||47||54||57||40||45||14||
||60||9||62||39||46||15||18||33||
||37||22||11||58||35||20||13||16||
||10||59||36||21||12||17||34||19||

found solution 3 0 in 785 steps
||27||30||13||56||47||32||11||8||
||14||55||28||31||12||9||46||33||
||29||26||57||60||53||48||7||10||
||0||15||54||51||58||61||34||45||
||25||40||59||62||49||52||21||6||
||16||1||50||41||22||63||44||35||
||39||24||3||18||37||42||5||20||
||2||17||38||23||4||19||36||43||

found solution 3 1 in 217 steps
||4||7||2||33||50||9||28||31||
||1||34||5||8||29||32||49||10||
||6||3||62||51||60||57||30||27||
||35||0||53||56||63||48||11||58||
||54||17||46||61||52||59||26||41||
||45||36||55||18||47||42||23||12||
||16||19||38||43||14||21||40||25||
||37||44||15||20||39||24||13||22||

found solution 3 2 in 720 steps
||27||30||13||54||47||32||11||8||
||14||55||28||31||12||9||46||33||
||29||26||63||58||53||48||7||10||
||56||15||0||51||62||59||34||45||
||25||40||57||60||49||52||21||6||
||16||1||50||41||22||61||44||35||
||39||24||3||18||37||42||5||20||
||2||17||38||23||4||19||36||43||

found solution 3 3 in 2397 steps
||30||33||16||51||60||35||14||11||
||17||50||31||34||15||12||47||36||
||32||29||52||59||48||61||10||13||
||53||18||49||0||55||58||37||46||
||28||1||54||57||62||45||24||9||
||19||4||63||44||25||56||41||38||
||2||27||6||21||40||43||8||23||
||5||20||3||26||7||22||39||42||

found solution 3 4 in 2397 steps
||11||14||35||60||51||16||33||30||
||36||47||12||15||34||31||50||17||
||13||10||61||48||59||52||29||32||
||46||37||58||55||0||49||18||53||
||9||24||45||62||57||54||1||28||
||38||41||56||25||44||63||4||19||
||23||8||43||40||21||6||27||2||
||42||39||22||7||26||3||20||5||

found solution 3 5 in 524 steps
||14||11||30||47||16||43||32||45||
||29||48||15||12||31||46||17||42||
||10||13||50||63||56||59||44||33||
||49||28||57||60||51||0||41||18||
||24||9||62||55||58||53||34||1||
||27||6||25||52||61||38||19||40||
||8||23||4||37||54||21||2||35||
||5||26||7||22||3||36||39||20||

found solution 3 6 in 134 steps
||31||28||9||58||33||2||7||4||
||10||51||32||29||8||5||34||1||
||27||30||57||52||59||62||3||6||
||50||11||60||63||48||53||0||35||
||41||26||49||56||61||46||17||54||
||12||23||42||47||18||55||36||45||
||25||40||21||14||43||38||19||16||
||22||13||24||39||20||15||44||37||

found solution 3 7 in 1492 steps
||8||11||32||47||56||13||30||27||
||33||46||9||12||31||28||55||14||
||10||7||48||53||60||57||26||29||
||45||34||61||58||51||54||15||0||
||6||21||52||49||62||59||40||25||
||35||44||63||22||41||50||1||16||
||20||5||42||37||18||3||24||39||
||43||36||19||4||23||38||17||2||

found solution 4 0 in 230 steps
||44||31||42||15||46||29||10||13||
||41||16||45||30||11||14||47||28||
||32||43||52||59||54||63||12||9||
||17||40||55||62||51||60||27||48||
||0||33||58||53||56||49||8||23||
||39||18||37||50||61||24||5||26||
||34||1||20||57||36||3||22||7||
||19||38||35||2||21||6||25||4||

found solution 4 1 in 69 steps
||29||32||15||54||47||34||13||10||
||16||53||30||33||14||11||46||35||
||31||28||59||62||55||48||9||12||
||60||17||52||49||58||63||36||45||
||27||0||61||56||51||44||23||8||
||18||3||50||43||24||57||40||37||
||1||26||5||20||39||42||7||22||
||4||19||2||25||6||21||38||41||

found solution 4 2 in 31930 steps
||50||31||42||15||44||29||10||13||
||41||16||49||30||11||14||45||28||
||32||51||56||43||48||61||12||9||
||17||40||53||60||55||58||27||46||
||52||33||0||57||62||47||8||23||
||39||18||37||54||59||24||5||26||
||34||1||20||63||36||3||22||7||
||19||38||35||2||21||6||25||4||

found solution 4 3 in 2656 steps
||27||30||13||58||49||32||11||8||
||14||57||28||31||12||9||46||33||
||29||26||59||48||55||50||7||10||
||60||15||56||53||62||47||34||45||
||25||40||61||0||51||54||21||6||
||16||1||52||41||22||63||44||35||
||39||24||3||18||37||42||5||20||
||2||17||38||23||4||19||36||43||

found solution 4 4 in 2656 steps
||8||11||32||49||58||13||30||27||
||33||46||9||12||31||28||57||14||
||10||7||50||55||48||59||26||29||
||45||34||47||62||53||56||15||60||
||6||21||54||51||0||61||40||25||
||35||44||63||22||41||52||1||16||
||20||5||42||37||18||3||24||39||
||43||36||19||4||23||38||17||2||

found solution 4 5 in 460 steps
||11||8||27||44||13||60||29||42||
||26||45||12||9||28||43||14||61||
||7||10||55||50||59||62||41||30||
||46||25||58||63||56||49||52||15||
||21||6||47||54||51||0||31||40||
||24||35||22||57||48||53||16||1||
||5||20||37||34||3||18||39||32||
||36||23||4||19||38||33||2||17||

found solution 4 6 in 1113 steps
||10||13||34||47||54||15||32||29||
||35||46||11||14||33||30||53||16||
||12||9||48||55||62||59||28||31||
||45||36||63||58||49||52||17||60||
||8||23||44||51||56||61||0||27||
||37||40||57||24||43||50||3||18||
||22||7||42||39||20||5||26||1||
||41||38||21||6||25||2||19||4||

found solution 4 7 in 234 steps
||13||10||29||46||15||42||31||44||
||28||47||14||11||30||45||16||41||
||9||12||63||52||59||54||43||32||
||48||27||60||55||62||51||40||17||
||23||8||49||58||53||56||33||0||
||26||5||24||61||50||37||18||39||
||7||22||3||36||57||20||1||34||
||4||25||6||21||2||35||38||19||

found solution 5 0 in 126 steps
||41||28||61||12||43||26||7||10||
||62||13||42||27||8||11||44||25||
||29||40||63||60||53||56||9||6||
||14||59||54||57||48||51||24||45||
||39||30||49||52||55||46||5||20||
||0||15||58||47||50||21||34||23||
||31||38||17||2||33||36||19||4||
||16||1||32||37||18||3||22||35||

found solution 5 1 in 250 steps
||26||29||12||51||46||31||10||7||
||13||60||27||30||11||8||45||32||
||28||25||52||59||50||47||6||9||
||53||14||61||48||55||58||33||44||
||24||39||54||57||62||49||20||5||
||15||0||63||40||21||56||43||34||
||38||23||2||17||36||41||4||19||
||1||16||37||22||3||18||35||42||

found solution 5 2 in 1157 steps
||7||10||5||36||51||12||31||34||
||4||37||8||11||32||35||50||13||
||9||6||55||52||61||48||33||30||
||38||3||62||59||56||53||14||49||
||63||20||57||54||47||60||29||44||
||2||39||0||21||58||45||26||15||
||19||22||41||46||17||24||43||28||
||40||1||18||23||42||27||16||25||

found solution 5 3 in 2100 steps
||8||5||24||41||10||59||26||39||
||23||42||9||6||25||40||11||58||
||4||7||48||63||60||57||38||27||
||43||22||61||56||49||46||51||12||
||18||3||44||47||62||55||28||37||
||21||32||19||0||45||50||13||52||
||2||17||34||31||54||15||36||29||
||33||20||1||16||35||30||53||14||

found solution 5 4 in 132311 steps
||5||8||29||42||45||10||27||24||
||30||43||6||9||28||25||46||11||
||7||4||41||44||57||54||23||26||
||40||31||58||53||38||47||12||55||
||3||18||39||62||51||56||37||22||
||32||59||52||19||0||63||48||13||
||17||2||61||34||15||50||21||36||
||60||33||16||1||20||35||14||49||

found solution 5 5 in 1820 steps
||34||31||12||59||36||5||10||7||
||13||60||35||32||11||8||37||4||
||30||33||56||61||58||49||6||9||
||55||14||51||48||53||62||3||38||
||44||29||54||57||50||47||20||63||
||15||26||45||52||21||0||39||2||
||28||43||24||17||46||41||22||19||
||25||16||27||42||23||18||1||40||

found solution 5 6 in 582 steps
||7||10||31||46||55||12||29||26||
||32||45||8||11||30||27||56||13||
||9||6||61||58||47||54||25||28||
||44||33||48||51||60||57||14||53||
||5||20||59||62||49||52||39||24||
||34||43||50||21||40||63||0||15||
||19||4||41||36||17||2||23||38||
||42||35||18||3||22||37||16||1||

found solution 5 7 in 746 steps
||10||7||26||43||12||55||28||41||
||25||44||11||8||27||42||13||54||
||6||9||50||63||56||61||40||29||
||45||24||57||60||51||48||53||14||
||20||5||46||49||62||59||30||39||
||23||34||21||58||47||52||15||0||
||4||19||36||33||2||17||38||31||
||35||22||3||18||37||32||1||16||

found solution 6 0 in 2397 steps
||28||31||14||51||60||33||12||9||
||15||50||29||32||13||10||47||34||
||30||27||52||59||48||61||8||11||
||53||16||49||44||55||58||35||46||
||26||43||54||57||62||45||22||7||
||17||2||63||42||23||56||39||36||
||0||25||4||19||38||41||6||21||
||3||18||1||24||5||20||37||40||

found solution 6 1 in 1879 steps
||43||30||41||14||45||28||9||12||
||40||15||44||29||10||13||46||27||
||31||42||57||54||61||48||11||8||
||16||39||62||49||58||55||26||47||
||63||32||51||56||53||60||7||22||
||38||17||36||59||50||23||4||25||
||33||0||19||52||35||2||21||6||
||18||37||34||1||20||5||24||3||

found solution 6 2 in 1579 steps
||10||7||26||43||12||39||28||41||
||25||44||11||8||27||42||13||38||
||6||9||56||63||52||49||40||29||
||45||24||51||48||57||62||37||14||
||20||5||46||55||50||53||30||61||
||23||2||21||58||47||34||15||36||
||4||19||0||33||54||17||60||31||
||1||22||3||18||59||32||35||16||

found solution 6 3 in 263 steps
||7||10||5||36||49||12||31||34||
||4||37||8||11||32||35||48||13||
||9||6||63||50||55||58||33||30||
||38||3||54||59||62||47||14||57||
||53||20||61||46||51||56||29||44||
||2||39||52||21||60||45||26||15||
||19||22||41||0||17||24||43||28||
||40||1||18||23||42||27||16||25||

found solution 6 4 in 143 steps
||34||31||12||49||36||5||10||7||
||13||48||35||32||11||8||37||4||
||30||33||58||55||50||63||6||9||
||57||14||47||62||59||54||3||38||
||44||29||56||51||46||61||20||53||
||15||26||45||60||21||52||39||2||
||28||43||24||17||0||41||22||19||
||25||16||27||42||23||18||1||40||

found solution 6 5 in 1067 steps
||41||28||39||12||43||26||7||10||
||38||13||42||27||8||11||44||25||
||29||40||49||52||63||56||9||6||
||14||37||62||57||48||51||24||45||
||61||30||53||50||55||46||5||20||
||36||15||34||47||58||21||2||23||
||31||60||17||54||33||0||19||4||
||16||35||32||59||18||3||22||1||

found solution 6 6 in 1866 steps
||12||9||28||45||14||41||30||43||
||27||46||13||10||29||44||15||40||
||8||11||48||61||54||57||42||31||
||47||26||55||58||49||62||39||16||
||22||7||60||53||56||51||32||63||
||25||4||23||50||59||36||17||38||
||6||21||2||35||52||19||0||33||
||3||24||5||20||1||34||37||18||

found solution 6 7 in 2397 steps
||9||12||33||60||51||14||31||28||
||34||47||10||13||32||29||50||15||
||11||8||61||48||59||52||27||30||
||46||35||58||55||44||49||16||53||
||7||22||45||62||57||54||43||26||
||36||39||56||23||42||63||2||17||
||21||6||41||38||19||4||25||0||
||40||37||20||5||24||1||18||3||

found solution 7 0 in 1223 steps
||9||6||25||42||11||38||27||40||
||24||43||10||7||26||41||12||37||
||5||8||63||52||59||54||39||28||
||44||23||60||55||62||51||36||13||
||19||4||45||58||53||56||29||50||
||22||1||20||61||46||33||14||35||
||3||18||47||32||57||16||49||30||
||0||21||2||17||48||31||34||15||

found solution 7 1 in 64 steps
||6||9||4||35||52||11||30||33||
||3||36||7||10||31||34||51||12||
||8||5||60||63||50||53||32||29||
||37||2||49||56||59||62||13||54||
||48||19||58||61||46||55||28||43||
||1||38||47||20||57||44||25||14||
||18||21||40||45||16||23||42||27||
||39||0||17||22||41||26||15||24||

found solution 7 2 in 7583 steps
||7||4||23||40||9||56||25||38||
||22||41||8||5||24||39||10||55||
||3||6||61||46||57||54||37||26||
||42||21||58||53||60||45||48||11||
||17||2||43||62||47||52||27||36||
||20||31||18||59||44||63||12||49||
||1||16||33||30||51||14||35||28||
||32||19||0||15||34||29||50||13||

found solution 7 3 in 19058 steps
||4||7||28||43||50||9||26||23||
||29||42||5||8||27||24||51||10||
||6||3||44||49||62||59||22||25||
||41||30||63||58||47||52||11||60||
||2||17||48||45||56||61||36||21||
||31||40||57||18||37||46||53||12||
||16||1||38||33||14||55||20||35||
||39||32||15||0||19||34||13||54||

found solution 7 4 in 9376 steps
||23||26||9||50||43||28||7||4||
||10||51||24||27||8||5||42||29||
||25||22||59||62||49||44||3||6||
||60||11||52||47||58||63||30||41||
||21||36||61||56||45||48||17||2||
||12||53||46||37||18||57||40||31||
||35||20||55||14||33||38||1||16||
||54||13||34||19||0||15||32||39||

found solution 7 5 in 1595 steps
||38||25||58||9||40||23||4||7||
||57||10||39||24||5||8||41||22||
||26||37||56||59||54||63||6||3||
||11||48||53||62||45||60||21||42||
||36||27||46||55||52||43||2||17||
||47||12||49||44||61||18||31||20||
||28||35||14||51||30||33||16||1||
||13||50||29||34||15||0||19||32||

found solution 7 6 in 134 steps
||33||30||11||58||35||4||9||6||
||12||51||34||31||10||7||36||3||
||29||32||57||52||59||62||5||8||
||50||13||60||63||48||53||2||37||
||43||28||49||56||61||46||19||54||
||14||25||44||47||20||55||38||1||
||27||42||23||16||45||40||21||18||
||24||15||26||41||22||17||0||39||

found solution 7 7 in 1223 steps
||40||27||38||11||42||25||6||9||
||37||12||41||26||7||10||43||24||
||28||39||54||63||52||59||8||5||
||13||36||51||60||55||62||23||44||
||50||29||56||53||58||45||4||19||
||35||14||33||46||61||20||1||22||
||30||49||16||57||32||47||18||3||
||15||34||31||48||17||2||21||0||
